# relative_time, cycles_done, cur_item, corpus_count, pending_total, pending_favs, map_size, saved_crashes, saved_hangs, max_depth, execs_per_sec, total_execs, edges_found
61, 4, 6, 7, 0, 0, 0.00%, 0, 0, 6, 442.92, 27381, 15
66, 4, 6, 7, 0, 0, 0.00%, 0, 0, 6, 445.80, 29641, 15
71, 4, 6, 7, 0, 0, 0.00%, 0, 0, 6, 447.47, 31887, 15
76, 4, 1, 7, 0, 0, 0.00%, 0, 0, 6, 448.04, 34144, 15
81, 5, 0, 7, 0, 0, 0.00%, 0, 0, 6, 444.64, 36391, 15
86, 5, 6, 7, 0, 0, 0.00%, 0, 0, 6, 446.06, 38651, 15
91, 6, 5, 7, 0, 0, 0.00%, 0, 0, 6, 445.43, 40910, 15
96, 6, 2, 7, 0, 0, 0.00%, 0, 0, 6, 447.35, 43167, 15
101, 6, 6, 7, 0, 0, 0.00%, 0, 0, 6, 444.68, 45402, 15
106, 7, 4, 7, 0, 0, 0.00%, 0, 0, 6, 445.28, 47658, 15
111, 7, 6, 7, 0, 0, 0.00%, 0, 0, 6, 446.38, 49897, 15
116, 8, 5, 7, 0, 0, 0.00%, 0, 0, 6, 451.26, 52162, 15
121, 8, 6, 7, 0, 0, 0.00%, 0, 0, 6, 448.72, 54429, 15
127, 8, 5, 7, 0, 0, 0.00%, 0, 0, 6, 444.06, 56744, 15
132, 9, 5, 7, 0, 0, 0.00%, 0, 0, 6, 443.31, 59004, 15
137, 9, 5, 7, 0, 0, 0.00%, 0, 0, 6, 443.22, 61224, 15
142, 9, 6, 7, 0, 0, 0.00%, 0, 0, 6, 449.92, 63505, 15
147, 10, 6, 7, 0, 0, 0.00%, 0, 0, 6, 462.73, 65856, 15
152, 10, 4, 7, 0, 0, 0.00%, 0, 0, 6, 475.31, 68282, 15
157, 11, 6, 7, 0, 0, 0.00%, 0, 0, 6, 451.05, 70584, 15
162, 11, 5, 7, 0, 0, 0.00%, 0, 0, 6, 447.62, 72817, 15
167, 11, 5, 7, 0, 0, 0.00%, 0, 0, 6, 446.21, 75050, 15
172, 11, 6, 7, 0, 0, 0.00%, 0, 0, 6, 441.95, 77270, 15
177, 12, 3, 7, 0, 0, 0.00%, 0, 0, 6, 443.97, 79505, 15
182, 12, 2, 7, 0, 0, 0.00%, 0, 0, 6, 447.01, 81757, 15
187, 13, 6, 7, 0, 0, 0.00%, 0, 0, 6, 448.77, 83997, 15
192, 13, 6, 7, 0, 0, 0.00%, 0, 0, 6, 444.57, 86241, 15
197, 13, 5, 7, 0, 0, 0.00%, 0, 0, 6, 445.58, 88495, 15
202, 13, 6, 7, 0, 0, 0.00%, 0, 0, 6, 445.73, 90748, 15
207, 14, 4, 7, 0, 0, 0.00%, 0, 0, 6, 446.56, 93016, 15
212, 14, 6, 7, 0, 0, 0.00%, 0, 0, 6, 445.48, 95266, 15
217, 14, 6, 7, 0, 0, 0.00%, 0, 0, 6, 444.11, 97501, 15
222, 14, 5, 7, 0, 0, 0.00%, 0, 0, 6, 441.39, 99718, 15
228, 15, 1, 7, 0, 0, 0.00%, 0, 0, 6, 441.74, 102026, 15
233, 15, 3, 7, 0, 0, 0.00%, 0, 0, 6, 449.93, 104304, 15
238, 16, 5, 7, 0, 0, 0.00%, 0, 0, 6, 445.03, 106544, 15
243, 16, 5, 7, 0, 0, 0.00%, 0, 0, 6, 443.13, 108769, 15
248, 16, 6, 7, 0, 0, 0.00%, 0, 0, 6, 442.02, 111052, 15
253, 16, 5, 7, 0, 0, 0.00%, 0, 0, 6, 441.85, 113348, 15
258, 17, 4, 7, 0, 0, 0.00%, 0, 0, 6, 444.91, 115585, 15
263, 17, 1, 7, 0, 0, 0.00%, 0, 0, 6, 441.39, 117870, 15
268, 18, 6, 7, 0, 0, 0.00%, 0, 0, 6, 442.22, 120102, 15
273, 18, 5, 7, 0, 0, 0.00%, 0, 0, 6, 445.72, 122349, 15
278, 19, 5, 7, 0, 0, 0.00%, 0, 0, 6, 445.21, 124577, 15
283, 19, 5, 7, 0, 0, 0.00%, 0, 0, 6, 444.91, 126833, 15
288, 20, 3, 7, 0, 0, 0.00%, 0, 0, 6, 442.91, 129061, 15
293, 20, 6, 7, 0, 0, 0.00%, 0, 0, 6, 445.10, 131299, 15
299, 20, 6, 7, 0, 0, 0.00%, 0, 0, 6, 447.60, 133561, 15
304, 21, 4, 7, 0, 0, 0.00%, 0, 0, 6, 446.16, 135809, 15
309, 21, 6, 7, 0, 0, 0.00%, 0, 0, 6, 444.59, 138051, 15
314, 21, 6, 7, 0, 0, 0.00%, 0, 0, 6, 446.05, 140321, 15
319, 22, 6, 7, 0, 0, 0.00%, 0, 0, 6, 444.15, 142541, 15
324, 22, 6, 7, 0, 0, 0.00%, 0, 0, 6, 444.53, 144786, 15
329, 22, 6, 7, 0, 0, 0.00%, 0, 0, 6, 446.55, 147037, 15
334, 23, 3, 7, 0, 0, 0.00%, 0, 0, 6, 444.23, 149277, 15
339, 23, 6, 7, 0, 0, 0.00%, 0, 0, 6, 444.63, 151602, 15
344, 23, 3, 7, 0, 0, 0.00%, 0, 0, 6, 443.73, 153830, 15
349, 24, 6, 7, 0, 0, 0.00%, 0, 0, 6, 445.03, 156072, 15
354, 24, 5, 7, 0, 0, 0.00%, 0, 0, 6, 436.29, 158307, 15
359, 24, 6, 7, 0, 0, 0.00%, 0, 0, 6, 444.61, 160635, 15
364, 25, 3, 7, 0, 0, 0.00%, 0, 0, 6, 447.21, 162894, 15
370, 25, 4, 7, 0, 0, 0.00%, 0, 0, 6, 447.72, 165159, 15
375, 25, 6, 7, 0, 0, 0.00%, 0, 0, 6, 445.75, 167401, 15
380, 26, 4, 7, 0, 0, 0.00%, 0, 0, 6, 443.07, 169642, 15
385, 26, 6, 7, 0, 0, 0.00%, 0, 0, 6, 447.84, 171898, 15
390, 26, 4, 7, 0, 0, 0.00%, 0, 0, 6, 445.74, 174165, 15
395, 27, 4, 7, 0, 0, 0.00%, 0, 0, 6, 446.11, 176412, 15
400, 27, 5, 7, 0, 0, 0.00%, 0, 0, 6, 447.19, 178652, 15
405, 27, 6, 7, 0, 0, 0.00%, 0, 0, 6, 444.34, 180898, 15
410, 27, 6, 7, 0, 0, 0.00%, 0, 0, 6, 446.66, 183144, 15
415, 28, 3, 7, 0, 0, 0.00%, 0, 0, 6, 446.15, 185390, 15
420, 28, 3, 7, 0, 0, 0.00%, 0, 0, 6, 447.48, 187658, 15
425, 29, 6, 7, 0, 0, 0.00%, 0, 0, 6, 448.97, 189900, 15
430, 29, 6, 7, 0, 0, 0.00%, 0, 0, 6, 444.25, 192140, 15
435, 30, 2, 7, 0, 0, 0.00%, 0, 0, 6, 448.97, 194489, 15
440, 30, 6, 7, 0, 0, 0.00%, 0, 0, 6, 448.74, 196742, 15
445, 30, 3, 7, 0, 0, 0.00%, 0, 0, 6, 449.38, 199026, 15
450, 31, 3, 7, 0, 0, 0.00%, 1, 0, 6, 443.06, 201238, 15
456, 31, 1, 7, 0, 0, 0.00%, 1, 0, 6, 444.78, 203550, 15
461, 32, 6, 7, 0, 0, 0.00%, 1, 0, 6, 445.97, 205816, 15
466, 32, 3, 7, 0, 0, 0.00%, 1, 0, 6, 445.65, 208131, 15
471, 33, 4, 7, 0, 0, 0.00%, 1, 0, 6, 447.40, 210375, 15
473, 33, 4, 7, 0, 0, 0.00%, 1, 0, 6, 445.69, 211287, 15
